event_type	onset	duration	height	word
3	0.000	16.764	1	
6	0.759	0.000	0	William
6	1.204	0.000	0	Shakespeare—
6	3.031	0.000	0	you
6	3.280	0.000	0	probably
6	3.785	0.000	0	know
6	4.093	0.000	0	his
6	4.253	0.000	0	name
6	5.196	0.000	0	even
6	5.487	0.000	0	if
6	5.701	0.000	0	you
6	5.849	0.000	0	haven't
6	6.223	0.000	0	read
6	6.496	0.000	0	anything
6	7.041	0.000	0	by
6	7.338	0.000	0	him
6	7.587	0.000	0	yet.
6	8.874	0.000	0	He
6	8.981	0.000	0	lived
6	9.384	0.000	0	four
6	9.675	0.000	0	hundred
6	10.031	0.000	0	and
6	10.191	0.000	0	fifty
6	10.541	0.000	0	years
6	10.844	0.000	0	ago,
6	11.763	0.000	0	wrote
6	11.965	0.000	0	at
6	12.090	0.000	0	least
6	12.552	0.000	0	thirty-five
6	13.234	0.000	0	plays,
6	14.130	0.000	0	and
6	14.267	0.000	0	more
6	14.445	0.000	0	than
6	14.664	0.000	0	one
6	14.972	0.000	0	hundred
6	15.406	0.000	0	and
6	15.589	0.000	0	fifty
6	15.969	0.000	0	poems.
6	16.764	0.000	0	
4	17.764	18.721	1	
7	18.177	0.000	0	Eg
7	18.420	0.000	0	Oxjhemg,
7	19.488	0.000	0	jmu
7	19.658	0.000	0	jun
7	19.925	0.000	0	ox
7	20.022	0.000	0	ejki
7	20.374	0.000	0	e
7	20.459	0.000	0	mugupoq,
7	21.552	0.000	0	zupmac
7	21.783	0.000	0	qudl
7	22.074	0.000	0	gtoqosfekm
7	22.645	0.000	0	etp
7	22.778	0.000	0	licfeod.
7	24.004	0.000	0	Uh
7	24.211	0.000	0	luowl
7	24.611	0.000	0	u
7	24.733	0.000	0	qeaq
7	24.927	0.000	0	ciz
7	25.243	0.000	0	ni
7	25.364	0.000	0	mejaf
7	25.716	0.000	0	Icpcoxb'w
7	26.275	0.000	0	xvierobg
7	26.700	0.000	0	vyuxvzecmdk
7	27.222	0.000	0	ed
7	27.428	0.000	0	macz.
7	29.164	0.000	0	Glu
7	29.273	0.000	0	Kxozafrootu
7	29.783	0.000	0	hujotf
7	30.233	0.000	0	hefip
7	30.852	0.000	0	od
7	30.985	0.000	0	Wbtemraqz-egiq-Igax,
7	32.406	0.000	0	Akbtesh,
7	33.401	0.000	0	eveom
7	33.681	0.000	0	100
7	34.263	0.000	0	sogux
7	34.664	0.000	0	ciwgmjaxx
7	35.380	0.000	0	ex
7	35.526	0.000	0	Rumgew.
7	36.485	0.000	0	
3	51.916	12.706	1	
6	52.344	0.000	0	Many
6	52.707	0.000	0	people
6	53.020	0.000	0	think
6	53.218	0.000	0	Shakespeare
6	54.009	0.000	0	is
6	54.190	0.000	0	the
6	54.371	0.000	0	greatest
6	54.767	0.000	0	playwright
6	55.278	0.000	0	who
6	55.451	0.000	0	ever
6	55.797	0.000	0	lived.
6	56.843	0.000	0	Everything
6	57.264	0.000	0	Shakespeare
6	57.882	0.000	0	wrote
6	58.442	0.000	0	has
6	58.615	0.000	0	been
6	58.837	0.000	0	translated
6	59.439	0.000	0	into
6	59.719	0.000	0	dozens
6	60.098	0.000	0	of
6	60.213	0.000	0	languages,
6	61.375	0.000	0	from
6	61.622	0.000	0	Spanish
6	62.282	0.000	0	to
6	62.430	0.000	0	Japanese
6	63.419	0.000	0	to
6	63.633	0.000	0	Swahili.
6	64.622	0.000	0	
4	65.622	17.318	1	
7	66.206	0.000	0	JRUXLIB
7	66.902	0.000	0	1
7	68.003	0.000	0	XEJYZA
7	68.362	0.000	0	FUZV.
7	69.935	0.000	0	Zuxg
7	70.316	0.000	0	Suxs
7	70.811	0.000	0	xeg
7	71.035	0.000	0	menmubos
7	71.844	0.000	0	uy
7	72.001	0.000	0	Bvcuvyuzs'k
7	72.720	0.000	0	Yesf
7	73.124	0.000	0	Mmafudb
7	73.596	0.000	0	Yzofrn,
7	74.404	0.000	0	ah
7	74.651	0.000	0	1564.
7	76.606	0.000	0	Gri
7	76.830	0.000	0	ufebf
7	77.347	0.000	0	fili
7	77.616	0.000	0	es
7	77.729	0.000	0	seg
7	77.953	0.000	0	xuggt
7	78.212	0.000	0	ag
7	78.369	0.000	0	adtdaqb,
7	79.537	0.000	0	qos
7	79.694	0.000	0	av
7	79.863	0.000	0	er
7	80.020	0.000	0	luqocbohas
7	81.075	0.000	0	iy
7	81.266	0.000	0	Oqvut
7	81.727	0.000	0	23.
7	82.940	0.000	0	
3	98.371	12.691	1	
6	98.865	0.000	0	People
6	99.243	0.000	0	all
6	99.589	0.000	0	over
6	99.852	0.000	0	the
6	100.001	0.000	0	world
6	100.379	0.000	0	still
6	100.807	0.000	0	watch
6	101.071	0.000	0	performances
6	101.754	0.000	0	of
6	101.902	0.000	0	his
6	102.132	0.000	0	plays.
6	103.326	0.000	0	Movies
6	103.836	0.000	0	and
6	104.017	0.000	0	Broadway
6	104.379	0.000	0	musicals
6	105.136	0.000	0	have
6	105.260	0.000	0	been
6	105.548	0.000	0	based
6	105.992	0.000	0	on
6	106.173	0.000	0	many
6	106.453	0.000	0	of
6	106.544	0.000	0	them,
6	107.210	0.000	0	such
6	107.441	0.000	0	as
6	107.605	0.000	0	Romeo
6	107.931	0.000	0	and
6	108.066	0.000	0	Juliet,
6	108.943	0.000	0	Macbeth,
6	109.836	0.000	0	and
6	110.042	0.000	0	Hamlet.
6	111.062	0.000	0	
4	112.062	20.309	1	
7	112.457	0.000	0	Ra
7	112.721	0.000	0	kaazj
7	113.221	0.000	0	uch
7	113.563	0.000	0	laardl
7	113.853	0.000	0	nliibowq.
7	115.328	0.000	0	Wu
7	115.592	0.000	0	rwizi
7	116.092	0.000	0	ibq
7	116.250	0.000	0	igcop
7	117.001	0.000	0	ut
7	117.212	0.000	0	ryupx
7	117.949	0.000	0	xip
7	118.134	0.000	0	kyo
7	118.265	0.000	0	xaiug
7	118.515	0.000	0	ab
7	118.621	0.000	0	Oxlfejk.
7	120.030	0.000	0	Qu
7	120.149	0.000	0	xela
7	120.478	0.000	0	dwaotym
7	121.044	0.000	0	talc
7	121.202	0.000	0	fibilboh
7	121.821	0.000	0	kuzhiruc.
7	123.362	0.000	0	Kap
7	123.599	0.000	0	xjun
7	123.836	0.000	0	uheeg
7	124.113	0.000	0	Btixiqfuika'v
7	125.061	0.000	0	lep-pa-hor
7	125.772	0.000	0	sadu?
7	126.879	0.000	0	Slej
7	127.076	0.000	0	magn
7	127.392	0.000	0	eh
7	127.524	0.000	0	ges
7	127.985	0.000	0	ijs
7	128.525	0.000	0	mof
7	128.785	0.000	0	nijgih
7	128.854	0.000	0	fa?
7	130.013	0.000	0	Cwez
7	130.237	0.000	0	ropa
7	130.553	0.000	0	guc
7	130.711	0.000	0	gluru
7	130.988	0.000	0	skuhj?
7	132.371	0.000	0	
3	147.802	13.203	1	
6	148.299	0.000	0	Hundreds
6	148.770	0.000	0	of
6	148.907	0.000	0	words
6	149.292	0.000	0	and
6	149.463	0.000	0	phrases
6	149.960	0.000	0	we
6	150.071	0.000	0	use
6	150.362	0.000	0	every
6	150.735	0.000	0	day
6	151.261	0.000	0	were
6	151.437	0.000	0	invented
6	151.839	0.000	0	by
6	152.092	0.000	0	him—
6	152.858	0.000	0	words
6	153.171	0.000	0	like
6	153.860	0.000	0	cold-blooded,
6	155.080	0.000	0	quarrelsome,
6	156.022	0.000	0	and
6	156.223	0.000	0	love
6	156.424	0.000	0	letter.
6	157.550	0.000	0	His
6	157.705	0.000	0	language,
6	158.253	0.000	0	ideas,
6	158.831	0.000	0	and
6	158.950	0.000	0	stories
6	159.657	0.000	0	are
6	159.858	0.000	0	all
6	159.978	0.000	0	around
6	160.363	0.000	0	us.
6	161.005	0.000	0	
4	162.005	16.444	1	
7	162.496	0.000	0	Ma
7	162.709	0.000	0	mwan
7	162.965	0.000	0	njog
7	163.135	0.000	0	qo
7	163.317	0.000	0	nencuib
7	164.106	0.000	0	ecs
7	164.362	0.000	0	bwid
7	164.543	0.000	0	fo
7	164.778	0.000	0	nuj
7	164.948	0.000	0	tbosvcov.
7	166.569	0.000	0	Vo
7	166.708	0.000	0	gwap
7	166.921	0.000	0	bu
7	167.102	0.000	0	raws'w
7	167.454	0.000	0	womu
7	167.721	0.000	0	mavw
7	167.902	0.000	0	lec
7	168.094	0.000	0	xihocb
7	168.905	0.000	0	rij
7	169.097	0.000	0	vicn
7	169.459	0.000	0	daopt.
7	170.707	0.000	0	Ervqouv,
7	171.837	0.000	0	yo
7	172.061	0.000	0	surj
7	172.253	0.000	0	pu
7	172.499	0.000	0	Zerliv,
7	173.554	0.000	0	xruvo
7	173.757	0.000	0	wa
7	173.885	0.000	0	juzivo
7	174.237	0.000	0	um
7	174.333	0.000	0	ejsav,
7	175.474	0.000	0	mfivgbusnb,
7	176.604	0.000	0	udn
7	176.737	0.000	0	u
7	176.871	0.000	0	puxiwkad
7	177.393	0.000	0	iq
7	177.500	0.000	0	xjogj.
7	178.449	0.000	0	
3	193.880	15.314	1	
6	194.257	0.000	0	Although
6	194.784	0.000	0	William
6	195.141	0.000	0	Shakespeare
6	195.846	0.000	0	is
6	196.025	0.000	0	very
6	196.333	0.000	0	famous,
6	197.296	0.000	0	we
6	197.495	0.000	0	don't
6	197.684	0.000	0	know
6	197.887	0.000	0	a
6	197.991	0.000	0	lot
6	198.250	0.000	0	about
6	198.577	0.000	0	him.
6	199.928	0.000	0	Much
6	200.246	0.000	0	of
6	200.310	0.000	0	his
6	200.454	0.000	0	personal
6	200.866	0.000	0	life
6	201.264	0.000	0	remains
6	201.696	0.000	0	a
6	201.745	0.000	0	mystery.
6	203.329	0.000	0	Back
6	203.548	0.000	0	in
6	203.677	0.000	0	the
6	203.786	0.000	0	1500s,
6	205.221	0.000	0	not
6	205.420	0.000	0	many
6	205.703	0.000	0	records
6	206.184	0.000	0	were
6	196.319	0.000	0	kept
6	207.188	0.000	0	for
6	207.356	0.000	0	the
6	207.510	0.000	0	average
6	207.898	0.000	0	person.
6	209.194	0.000	0	
4	210.194	14.375	1	
7	210.679	0.000	0	Ja
7	210.865	0.000	0	tyeh
7	211.145	0.000	0	Hkimobriewa
7	211.760	0.000	0	dokuc
7	212.236	0.000	0	vek
7	212.469	0.000	0	yura
7	213.037	0.000	0	ut
7	213.233	0.000	0	qla
7	213.363	0.000	0	rum
7	213.634	0.000	0	up
7	213.690	0.000	0	u
7	213.774	0.000	0	rxeca-qiliv
7	215.004	0.000	0	uv
7	215.172	0.000	0	cni
7	215.275	0.000	0	lbehp
7	215.601	0.000	0	falm
7	216.179	0.000	0	ul
7	216.263	0.000	0	Tpsickenb-agep-Oruc.
7	218.836	0.000	0	Ka
7	219.003	0.000	0	atzob
7	219.330	0.000	0	ex
7	219.451	0.000	0	im
7	219.614	0.000	0	i
7	219.730	0.000	0	gavr
7	220.066	0.000	0	epq
7	220.215	0.000	0	vujeep
7	220.574	0.000	0	Xehsew
7	221.017	0.000	0	fjotxtaqgn.
7	222.518	0.000	0	Fog
7	222.667	0.000	0	tfuk
7	222.844	0.000	0	kilxayaz
7	223.236	0.000	0	em
7	223.436	0.000	0	gamcoay?
7	224.569	0.000	0	
3	240.000	14.375	1	
6	240.485	0.000	0	We
6	240.671	0.000	0	know
6	240.951	0.000	0	Shakespeare
6	241.566	0.000	0	began
6	242.042	0.000	0	his
6	242.275	0.000	0	life
6	242.843	0.000	0	as
6	243.039	0.000	0	the
6	243.169	0.000	0	son
6	243.440	0.000	0	of
6	243.496	0.000	0	a
6	243.580	0.000	0	glove-maker
6	244.810	0.000	0	in
6	244.978	0.000	0	the
6	245.081	0.000	0	small
6	245.407	0.000	0	town
6	245.985	0.000	0	of
6	246.069	0.000	0	Stratford-upon-Avon.
6	248.642	0.000	0	He
6	248.809	0.000	0	ended
6	249.136	0.000	0	it
6	249.257	0.000	0	as
6	249.420	0.000	0	a
6	249.536	0.000	0	rich
6	249.872	0.000	0	and
6	250.021	0.000	0	famous
6	250.380	0.000	0	London
6	250.823	0.000	0	playwright.
6	252.324	0.000	0	But
6	252.473	0.000	0	what
6	252.650	0.000	0	happened
6	253.042	0.000	0	in
6	253.242	0.000	0	between?
6	254.375	0.000	0	
4	255.375	15.314	1	
7	255.752	0.000	0	Eyhrioby
7	256.279	0.000	0	Rufyaiw
7	256.636	0.000	0	Xmedajzuibi
7	257.341	0.000	0	ew
7	257.520	0.000	0	dihn
7	257.828	0.000	0	qebaov,
7	258.791	0.000	0	jo
7	258.990	0.000	0	ziq'x
7	259.179	0.000	0	twem
7	259.382	0.000	0	o
7	259.486	0.000	0	baw
7	259.745	0.000	0	iruif
7	260.072	0.000	0	vak.
7	261.423	0.000	0	Bizv
7	261.741	0.000	0	um
7	261.805	0.000	0	wov
7	261.949	0.000	0	quxtevep
7	262.361	0.000	0	hewa
7	262.759	0.000	0	liciebg
7	263.191	0.000	0	o
7	263.240	0.000	0	jxdbuyr.
7	264.824	0.000	0	Xezb
7	265.043	0.000	0	al
7	265.172	0.000	0	qqu
7	265.281	0.000	0	1500q,
7	266.716	0.000	0	rax
7	266.915	0.000	0	kivd
7	267.198	0.000	0	dokavrk
7	267.679	0.000	0	goti
7	257.814	0.000	0	pukw
7	268.683	0.000	0	lij
7	268.851	0.000	0	yni
7	269.005	0.000	0	ikotuna
7	269.393	0.000	0	saztik.
7	270.689	0.000	0	
3	286.120	16.444	1	
6	286.611	0.000	0	We
6	286.824	0.000	0	know
6	287.080	0.000	0	when
6	287.250	0.000	0	he
6	287.432	0.000	0	married
6	288.221	0.000	0	and
6	288.477	0.000	0	when
6	288.658	0.000	0	he
6	288.893	0.000	0	had
6	289.063	0.000	0	children.
6	290.684	0.000	0	We
6	290.823	0.000	0	know
6	291.036	0.000	0	he
6	291.217	0.000	0	didn't
6	291.569	0.000	0	live
6	291.836	0.000	0	with
6	292.017	0.000	0	his
6	292.209	0.000	0	family
6	293.020	0.000	0	for
6	293.212	0.000	0	many
6	293.574	0.000	0	years.
6	294.822	0.000	0	Instead,
6	295.952	0.000	0	he
6	296.176	0.000	0	went
6	296.368	0.000	0	to
6	296.613	0.000	0	London,
6	297.669	0.000	0	where
6	297.872	0.000	0	he
6	298.000	0.000	0	became
6	298.352	0.000	0	an
6	298.448	0.000	0	actor,
6	299.589	0.000	0	playwright,
6	300.719	0.000	0	and
6	300.852	0.000	0	a
6	300.986	0.000	0	director
6	301.508	0.000	0	of
6	301.615	0.000	0	plays.
6	302.564	0.000	0	
4	303.564	13.203	1	
7	304.061	0.000	0	Qafgdasb
7	304.532	0.000	0	ay
7	304.669	0.000	0	sucvj
7	305.054	0.000	0	eyg
7	305.225	0.000	0	sfgunir
7	305.722	0.000	0	no
7	305.833	0.000	0	izu
7	306.124	0.000	0	ozaqd
7	306.497	0.000	0	pis
7	307.023	0.000	0	bulo
7	307.199	0.000	0	udzacbow
7	307.601	0.000	0	lq
7	307.854	0.000	0	xub—
7	308.620	0.000	0	nifnb
7	308.933	0.000	0	pajo
7	309.622	0.000	0	fiqb-nzuupix,
7	310.842	0.000	0	jievmarwawo,
7	311.784	0.000	0	olw
7	311.985	0.000	0	xifu
7	312.186	0.000	0	yubkof.
7	313.312	0.000	0	Coy
7	313.467	0.000	0	misjoehu,
7	314.015	0.000	0	olioj,
7	314.593	0.000	0	ehg
7	314.712	0.000	0	vkeluab
7	315.419	0.000	0	uyi
7	315.620	0.000	0	idd
7	315.740	0.000	0	oseogn
7	316.125	0.000	0	ib.
7	316.767	0.000	0	
3	332.198	20.309	1	
6	332.593	0.000	0	He
6	332.857	0.000	0	built
6	333.357	0.000	0	and
6	333.699	0.000	0	bought
6	333.989	0.000	0	theaters.
6	335.464	0.000	0	He
6	335.728	0.000	0	wrote
6	336.228	0.000	0	and
6	336.386	0.000	0	acted
6	337.137	0.000	0	in
6	337.348	0.000	0	plays
6	338.085	0.000	0	for
6	338.270	0.000	0	the
6	338.401	0.000	0	queen
6	338.651	0.000	0	of
6	338.757	0.000	0	England.
6	340.166	0.000	0	He
6	340.285	0.000	0	made
6	340.614	0.000	0	friends
6	341.180	0.000	0	with
6	341.338	0.000	0	powerful
6	341.957	0.000	0	noblemen.
6	343.498	0.000	0	But
6	343.735	0.000	0	what
6	343.972	0.000	0	about
6	344.249	0.000	0	Shakespeare's
6	345.197	0.000	0	day-to-day
6	345.908	0.000	0	life?
6	347.015	0.000	0	What
6	347.212	0.000	0	kind
6	347.528	0.000	0	of
6	347.660	0.000	0	man
6	348.121	0.000	0	and
6	348.661	0.000	0	was
6	348.921	0.000	0	father
6	348.990	0.000	0	he?
6	350.149	0.000	0	What
6	350.373	0.000	0	made
6	350.689	0.000	0	him
6	350.847	0.000	0	write
6	351.124	0.000	0	plays?
6	352.507	0.000	0	
4	353.507	12.691	1	
7	354.001	0.000	0	Laamvi
7	354.379	0.000	0	obw
7	354.725	0.000	0	ujoq
7	354.988	0.000	0	wpi
7	355.137	0.000	0	galxf
7	355.515	0.000	0	rcudx
7	355.943	0.000	0	movls
7	356.207	0.000	0	lonviyfuptil
7	356.890	0.000	0	it
7	357.038	0.000	0	beb
7	357.268	0.000	0	kvoxp.
7	358.462	0.000	0	Rabuat
7	358.972	0.000	0	opw
7	359.153	0.000	0	Vdiulyuq
7	359.515	0.000	0	leyarunb
7	360.272	0.000	0	joru
7	360.396	0.000	0	xauy
7	360.684	0.000	0	lobox
7	361.128	0.000	0	eq
7	361.309	0.000	0	koqz
7	361.589	0.000	0	un
7	361.680	0.000	0	wbuv,
7	362.346	0.000	0	cafs
7	362.577	0.000	0	uf
7	362.741	0.000	0	Tacoa
7	363.067	0.000	0	oyf
7	363.202	0.000	0	Hisuux,
7	364.079	0.000	0	Cipfadl,
7	364.972	0.000	0	idh
7	365.178	0.000	0	Toxjup.
7	366.198	0.000	0	
3	381.629	17.318	1	
6	382.213	0.000	0	CHAPTER
6	382.909	0.000	0	1
6	384.010	0.000	0	LITTLE
6	384.369	0.000	0	WILL.
6	385.942	0.000	0	Baby
6	386.323	0.000	0	Will
6	386.818	0.000	0	was
6	387.042	0.000	0	baptized
6	387.851	0.000	0	in
6	388.008	0.000	0	Stratford's
6	388.727	0.000	0	Holy
6	389.131	0.000	0	Trinity
6	389.603	0.000	0	Church,
6	390.411	0.000	0	in
6	390.658	0.000	0	1564.
6	392.613	0.000	0	The
6	392.837	0.000	0	exact
6	393.354	0.000	0	date
6	393.623	0.000	0	of
6	393.736	0.000	0	his
6	393.960	0.000	0	birth
6	394.219	0.000	0	is
6	394.376	0.000	0	unknown,
6	395.544	0.000	0	but
6	395.701	0.000	0	it
6	395.870	0.000	0	is
6	396.027	0.000	0	celebrated
6	397.082	0.000	0	on
6	397.273	0.000	0	April
6	397.734	0.000	0	23.
6	398.947	0.000	0	
4	399.947	12.706	1	
7	400.375	0.000	0	Pulg
7	400.738	0.000	0	cieygu
7	401.051	0.000	0	snevf
7	401.249	0.000	0	Pcuhayfoino
7	402.040	0.000	0	ap
7	402.221	0.000	0	nnu
7	402.402	0.000	0	qsuovaxf
7	402.798	0.000	0	spupltorgh
7	403.309	0.000	0	hne
7	403.482	0.000	0	alav
7	403.828	0.000	0	monac.
7	404.874	0.000	0	Obiwwxyuzb
7	405.295	0.000	0	Pqewimjoigu
7	405.913	0.000	0	kguma
7	406.473	0.000	0	jem
7	406.646	0.000	0	liot
7	406.868	0.000	0	lgegrjoviq
7	407.470	0.000	0	oqwa
7	407.750	0.000	0	figotv
7	408.129	0.000	0	ag
7	408.244	0.000	0	givyaewom,
7	409.406	0.000	0	bpin
7	409.653	0.000	0	Bjepudw
7	410.313	0.000	0	qe
7	410.461	0.000	0	Wijetufo
7	411.450	0.000	0	ne
7	411.664	0.000	0	Rjefaha.
7	412.653	0.000	0	
3	428.084	18.721	1	
6	428.497	0.000	0	In
6	428.740	0.000	0	England,
6	429.808	0.000	0	the
6	429.978	0.000	0	day
6	430.245	0.000	0	is
6	430.342	0.000	0	also
6	430.694	0.000	0	a
6	430.779	0.000	0	holiday,
6	431.872	0.000	0	filled
6	432.103	0.000	0	with
6	432.394	0.000	0	playacting
6	432.965	0.000	0	and
6	433.098	0.000	0	parties.
6	434.324	0.000	0	It
6	434.531	0.000	0	seems
6	434.931	0.000	0	a
6	435.053	0.000	0	good
6	435.247	0.000	0	day
6	435.563	0.000	0	to
6	435.684	0.000	0	honor
6	436.036	0.000	0	England's
6	436.595	0.000	0	greatest
6	437.020	0.000	0	playwrights
6	437.542	0.000	0	as
6	437.748	0.000	0	well.
6	439.484	0.000	0	The
6	439.593	0.000	0	Shakespeare
6	440.103	0.000	0	family
6	440.553	0.000	0	lived
6	441.172	0.000	0	in
6	441.305	0.000	0	Stratford-upon-Avon,
6	442.726	0.000	0	England,
6	443.721	0.000	0	about
6	444.001	0.000	0	100
6	444.583	0.000	0	miles
6	444.984	0.000	0	northwest
6	445.700	0.000	0	of
6	445.846	0.000	0	London.
6	446.805	0.000	0	
4	447.805	16.764	1	
7	448.564	0.000	0	Yebkuus
7	449.009	0.000	0	Fdeyuzguiwi—
7	450.836	0.000	0	hua
7	451.085	0.000	0	nkacitbg
7	451.590	0.000	0	sliz
7	451.898	0.000	0	wul
7	452.058	0.000	0	yego
7	453.001	0.000	0	adoz
7	453.292	0.000	0	ap
7	453.506	0.000	0	kui
7	453.654	0.000	0	nigoq'w
7	454.028	0.000	0	yaup
7	454.301	0.000	0	olndzojm
7	454.846	0.000	0	vs
7	455.143	0.000	0	rob
7	455.392	0.000	0	kog.
7	456.679	0.000	0	Ca
7	456.786	0.000	0	puyop
7	457.189	0.000	0	cuop
7	457.480	0.000	0	yitycuk
7	457.836	0.000	0	ukn
7	457.996	0.000	0	revhf
7	458.346	0.000	0	gaiwd
7	458.649	0.000	0	uti,
7	459.568	0.000	0	fqugu
7	459.770	0.000	0	um
7	459.895	0.000	0	naoqr
7	460.357	0.000	0	jtaqcg-xeza
7	461.039	0.000	0	wfopb,
7	461.935	0.000	0	ixq
7	462.072	0.000	0	fafu
7	462.250	0.000	0	zguf
7	462.469	0.000	0	axu
7	462.777	0.000	0	zeswtoj
7	463.211	0.000	0	obc
7	463.394	0.000	0	wejgw
7	463.774	0.000	0	yuatk.
7	464.569	0.000	0	
